
Photo on 2013-03-08 at 23.33
Ch1:0	254	116.219873047	80.4544082218
Ch2:71	182	127.702636719	9.93658471025
Ch3:55	214	126.322363281	12.9002069645


Photo on 2013-03-08 at 23.34
Ch1:0	254	136.896761068	71.0815796995
Ch2:69	182	125.429046224	10.7637610899
Ch3:61	224	127.538883464	14.0233117783

